0.5 0.65 0.57 27.1 1.0 1.0 5.4 5.4 
0.65 0.82 0.73 23.8 0.2 0.2 2.1 2.1 
0.82 1.01 0.91 21.7 0.1 0.1 1.6 1.6 
1.01 1.22 1.11 20.1 0.1 0.1 1.2 1.2 
1.22 1.46 1.33 17.8 0.1 0.1 0.9 0.9
1.46 1.72 1.58 14.6 0.0 0.0 0.6 0.6 
1.72 2.0 1.85 11.9 0.0 0.0 0.4 0.4 
2.0 2.31 2.15 9.47 0.01 0.01 0.28 0.28 
2.31 2.65 2.47 7.48 0.01 0.01 0.19 0.19 
2.65 3.0 2.82 5.77 0.01 0.01 0.13 0.13 
3.0 3.36 3.17 4.81 0.01 0.01 0.1 0.1 
3.36 3.73 3.54 3.77 0.01 0.01 0.08 0.08 
3.73 4.12 3.92 2.99 0.0 0.0 0.06 0.06 
4.12 4.54 4.32 2.37 0.0 0.0 0.05 0.05 
4.54 5.0 4.76 1.87 0.0 0.0 0.04 0.04 
5.0 5.49 5.24 1.47 0.0 0.0 0.03 0.03 
5.49 6.0 5.74 1.16 0.0 0.0 0.02 0.02 
6.0 6.54 6.26 0.913 0.001 0.001 0.019 0.019 
6.54 7.1 6.81 0.724 0.001 0.001 0.015 0.015 
7.1 7.69 7.39 0.576 0.001 0.001 0.012 0.012 
7.69 8.3 7.99 0.457 0.001 0.001 0.009 0.009 
8.3 8.95 8.62 0.365 0.001 0.001 0.007 0.007 
8.95 9.62 9.28 0.292 0.001 0.001 0.006 0.006 
9.62 10.32 9.96 0.235 0.001 0.001 0.005 0.005 
10.3 11.0 10.7 0.189 0.0 0.0 0.004 0.004 
11.0 11.8 11.4 0.154 0.0 0.0 0.003 0.003 
11.8 12.6 12.2 0.126 0.0 0.0 0.003 0.003 
12.6 13.4 13.0 0.103 0.0 0.0 0.002 0.002 
13.4 14.2 13.8 0.0842 0.0003 0.0003 0.0017 0.0017 
14.2 15.1 14.7 0.0691 0.0002 0.0002 0.0014 0.0014 
15.1 16.1 15.6 0.0573 0.0002 0.0002 0.0012 0.0012 
16.1 17.0 16.5 0.0474 0.0002 0.0002 0.001 0.001 
17.0 18.0 17.5 0.0393 0.0002 0.0002 0.0008 0.0008 
18.0 19.0 18.5 0.0329 0.0001 0.0001 0.0007 0.0007 
19.0 20.0 19.5 0.0275 0.0001 0.0001 0.0006 0.0006 
20.0 21.1 20.6 0.0231 0.0001 0.0001 0.0005 0.0005 
21.1 22.2 21.7 0.0194 0.0001 0.0001 0.0004 0.0004 
22.2 23.4 22.8 0.0165 0.0001 0.0001 0.0003 0.0003 
23.4 24.6 24.0 0.0139 0.0001 0.0001 0.0003 0.0003 
24.6 25.9 25.2 0.0119 0.0001 0.0001 0.0002 0.0002 
25.9 27.2 26.6 0.00998 0.00006 0.00006 0.0002 0.0002 
27.2 28.7 28.0 0.00852 0.00005 0.00005 0.00017 0.00017 
28.7 30.2 29.4 0.00722 0.00004 0.00004 0.00015 0.00015 
30.2 31.8 31.0 0.00603 0.00004 0.00004 0.00012 0.00012 
31.8 33.5 32.7 0.00515 0.00003 0.00003 0.00011 0.00011 
33.5 35.4 34.4 0.00429 0.00003 0.00003 0.00009 0.00009 
35.4 37.3 36.3 0.00364 0.00003 0.00003 0.00007 0.00007 
37.3 39.4 38.3 0.00311 0.00002 0.00002 0.00006 0.00006 
39.4 41.6 40.5 0.00259 0.00002 0.00002 0.00005 0.00005 
41.6 44.0 42.8 0.00218 0.00002 0.00002 0.00004 0.00004 
44.0 46.6 45.3 0.00181 0.00002 0.00002 0.00004 0.00004 
46.6 49.3 47.9 0.00149 0.00001 0.00001 0.00003 0.00003 
49.3 52.3 50.8 0.00124 0.00001 0.00001 0.00003 0.00003 
52.3 55.6 53.9 0.00104 0.00001 0.00001 0.00002 0.00002 
55.6 59.1 57.3 0.000862 0.00001 0.00001 0.000018 0.000018 
59.1 63.0 61.0 0.000706 0.000009 0.000009 0.000015 0.000015 
63.0 67.3 65.1 0.000562 0.000007 0.000007 0.000012 0.000012 
67.3 72.0 69.6 0.000456 0.000006 0.000006 0.000009 0.000009 
72.0 77.4 74.6 0.000366 0.000005 0.000005 0.000008 0.000008 
77.4 83.4 80.3 0.000291 0.000004 0.000004 0.000006 0.000006 
83.4 90.2 86.7 0.000232 0.000004 0.000004 0.000005 0.000005 
90.2 98.1 94.0 0.000178 0.000003 0.000003 0.000004 0.000004 
98.0 107.0 103.0 0.000137 0.000003 0.000003 0.000003 0.000003 
107.0 118.0 113.0 0.000101 0.000002 0.000002 0.000002 0.000002 
118.0 132.0 125.0 0.0000726 0.0000015 0.0000015 0.0000015 0.0000015 
132.0 149.0 140.0 0.0000504 0.0000012 0.0000012 0.0000011 0.0000011 
149.0 170.0 159.0 0.0000355 0.0000009 0.0000009 0.0000008 0.0000008
170.0 198.0 183.0 0.0000217 0.0000006 0.0000006 0.0000005 0.0000005
198.0 237.0 216.0 0.0000127 0.0000004 0.0000004 0.0000003 0.0000003
237.0 290.0 262.0 0.00000689 0.00000027 0.00000027 0.00000016 0.00000016
290.0 370.0 327.0 0.00000345 0.00000017 0.00000017 0.00000009 0.00000009
370.0 500.0 429.0 0.00000145 0.0000001 0.0000001 0.00000004 0.00000004
500.0 700.0 589.0 0.000000541 0.000000056 0.000000056 0.000000023 0.000000023
700.0 1000.0 832.0 0.00000019 0.00000004 0.00000004 0.000000023 0.000000023 
