0.48355538155804584 0.18181818181818343
0.614083811153729 0.2424242424242422
0.758227437867035 0.36363636363636687
0.9231378414201611 0.5454545454545467
1.0927580945406439 0.7575757575757596
1.2935449069524185 1.0909090909090917
1.531224920375373 1.4242424242424256
1.737729193269402 1.8181818181818201
2.057025025800496 2.3030303030303045
2.3344398272612894 2.8484848484848495
2.649267383114597 3.454545454545457
3.0065532575619853 4.090909090909092
3.36439686835124 4.66666666666667
3.818126637101023 5.3030303030303045
4.272564694645623 5.939393939393941
4.781090520295712 6.606060606060607
5.350141705731974 7.181818181818183
5.903353824949917 7.727272727272728
6.605978148391849 8.272727272727273
7.1873016392469005 8.75757575757576
8.156596534681922 9.212121212121213
8.750501221051143 9.606060606060609
9.655315259813996 9.939393939393941
10.653688332975108 10.303030303030305
11.591208735417627 10.575757575757578
12.611230566241105 10.787878787878789
13.915249407465772 11.000000000000002
15.13978590758057 11.212121212121213
16.705260900040187 11.393939393939394
17.92161783192579 11.515151515151516
19.498713184922295 11.636363636363637
21.214592311558498 11.75757575757576
23.081468129581598 11.75757575757576
25.468124147486147 11.81818181818182
26.94114923667874 11.81818181818182
1459.4070320814778 9.484848484848486
998.497791539265 9.666666666666668
743.2698592228895 9.84848484848485
601.9697587722073 9.696969696969699
494.43319013454465 9.606060606060609
417.686210834388 9.696969696969699
362.912761096497 9.72727272727273
315.32204978369356 9.96969696969697
281.7838005011817 10.060606060606062
251.8127428112258 10.151515151515152
225.02946347281843 10.212121212121213
203.9416157737469 10.303030303030305
184.8299418330639 10.424242424242426
169.88052237163288 10.575757575757578
153.96076445404609 10.666666666666668
143.5113036498726 10.75757575757576
29.311959822197466 11.84848484848485
31.89140081108281 11.84848484848485
34.21350321201026 11.84848484848485
37.22427810027235 11.81818181818182
40.500000000000014 11.81818181818182
42.84243856229152 11.75757575757576
46.61255638319848 11.72727272727273
50.00654743840406 11.72727272727273
53.647664508070584 11.606060606060609
58.36863798202073 11.575757575757578
63.50505527344383 11.545454545454547
67.17805997401095 11.484848484848486
73.08970295188983 11.393939393939394
78.41156936073934 11.363636363636365
84.12093579941224 11.242424242424244
88.98632157503168 11.181818181818183
96.81708303598816 11.151515151515152
105.33694843980959 11.090909090909092
113.00682729923707 10.96969696969697
122.95138386003023 10.939393939393941
131.90381919988855 10.84848484848485
